0 1 5 5 1 0 52 AIC= 1133.709  SSE= 167.698  p-VALUE= 0.9999858 
5 1 0 0 1 4 52 AIC= 1103.937  SSE= 160.3839  p-VALUE= 0.9932878 
10 1 0 0 1 4 52 AIC= 1096.489  SSE= 158.0379  p-VALUE= 0.999981 
0 1 5 0 1 4 52 AIC= 1101.084  SSE= 160.081  p-VALUE= 0.9999241 
5 1 0 0 1 1 52 AIC= 1107.294  SSE= 160.4898  p-VALUE= 0.9866574 
10 1 0 0 1 1 52 AIC= 1099.485  SSE= 158.2195  p-VALUE= 0.9999799 
0 1 5 0 1 1 52 AIC= 1104.319  SSE= 160.2475  p-VALUE= 0.9999888
1 1 1 0 1 0 52 AIC= 1742.967  SSE= 313.885  p-VALUE= 0.1547136 
1 1 1 0 1 1 52 AIC= 1135.823  SSE= 166.0345  p-VALUE= 0.4294254
1 1 1 0 1 2 52 AIC= 1135.633  SSE= 166.2637  p-VALUE= 0.4134632 
1 1 1 0 1 3 52 AIC= 1137.143  SSE= 166.4197  p-VALUE= 0.4520502 
1 1 1 0 1 4 52 AIC= 1133.956  SSE= 166.0741  p-VALUE= 0.2123562 
1 1 1 1 1 0 52 AIC= 1423.856  SSE= 230.5343  p-VALUE= 0.113207 
1 1 1 1 1 1 52 AIC= 1135.731  SSE= 166.2324  p-VALUE= 0.4113264 
1 1 1 1 1 2 52 AIC= 1135.061  SSE= 165.6247  p-VALUE= 0.3295384 
1 1 1 1 1 3 52 AIC= 1137.059  SSE= 165.6039  p-VALUE= 0.3268382 
1 1 1 1 1 4 52 AIC= 1131.27  SSE= 165.1841  p-VALUE= 0.2611716
1 1 2 0 1 0 52 AIC= 1718.57  SSE= 306.3561  p-VALUE= 0.07728794 
1 1 2 0 1 1 52 AIC= 1107.397  SSE= 160.8133  p-VALUE= 0.5517932 
1 1 2 0 1 2 52 AIC= 1107.263  SSE= 161.1432  p-VALUE= 0.5382118 
1 1 2 0 1 3 52 AIC= 1108.842  SSE= 161.3157  p-VALUE= 0.5462612
1 1 2 0 1 4 52 AIC= 1104.712  SSE= 160.9116  p-VALUE= 0.5053197 
1 1 2 1 1 0 52 AIC= 1396.117  SSE= 224.2988  p-VALUE= 0.1907551 
1 1 2 1 1 1 52 AIC= 1107.348  SSE= 161.1071  p-VALUE= 0.5366126 
1 1 2 1 1 2 52 AIC= 1106.601  SSE= 160.5013  p-VALUE= 0.5076196
1 1 2 1 1 3 52 AIC= 1108.587  SSE= 160.4474  p-VALUE= 0.5064191
1 1 2 1 1 4 52 AIC= 1102.564  SSE= 160.1226  p-VALUE= 0.4925549 
1 1 2 2 1 0 52 AIC= 1304.013  SSE= 203.9558  p-VALUE= 0.3250793 
1 1 2 2 1 1 52 AIC= 1109.13  SSE= 161.223  p-VALUE= 0.5449485 
1 1 2 2 1 3 52 AIC= 1105.456  SSE= 154.3373  p-VALUE= 0.5318653 
