2 1 1 0 1 0 52 AIC= 1719.864  SSE= 306.7261  p-VALUE= 0.06061952 
2 1 1 0 1 1 52 AIC= 1110.723  SSE= 161.3909  p-VALUE= 0.2704282 
2 1 1 0 1 2 52 AIC= 1110.755  SSE= 161.7065  p-VALUE= 0.2508122 
2 1 1 1 1 0 52 AIC= 1400.204  SSE= 225.1698  p-VALUE= 0.0700867 
2 1 1 1 1 1 52 AIC= 1110.838  SSE= 161.6715  p-VALUE= 0.2509115 
2 1 1 1 1 2 52 AIC= 1109.79  SSE= 161.0482  p-VALUE= 0.2398532
2 1 2 0 1 0 52 AIC= 1720.158  SSE= 306.2326  p-VALUE= 0.05516624 
2 1 2 0 1 1 52 AIC= 1109.163  SSE= 160.784  p-VALUE= 0.5512534 
2 1 2 0 1 2 52 AIC= 1109.015  SSE= 161.1103  p-VALUE= 0.5365014 
2 1 2 1 1 0 52 AIC= 1396.554  SSE= 223.9577  p-VALUE= 0.1622334
2 1 2 1 1 2 52 AIC= 1108.224  SSE= 160.4873  p-VALUE= 0.5107201
2 1 3 0 1 0 52 AIC= 1720.589  SSE= 305.8006  p-VALUE= 0.1452243 
2 1 3 0 1 1 52 AIC= 1111.388  SSE= 160.8199  p-VALUE= 0.5518934 
2 1 3 0 1 2 52 AIC= 1111.263  SSE= 161.1411  p-VALUE= 0.5390198 
2 1 3 1 1 0 52 AIC= 1391.587  SSE= 222.3375  p-VALUE= 0.2386467 
2 1 3 1 1 1 52 AIC= 1109.546  SSE= 160.9815  p-VALUE= 0.5842644 
2 1 3 1 1 2 52 AIC= 1108.717  SSE= 160.3702  p-VALUE= 0.5531293 
2 1 3 2 1 0 52 AIC= 1301.731  SSE= 202.626  p-VALUE= 0.3923291 
2 1 3 2 1 1 52 AIC= 1069.276  SSE= 153.805  p-VALUE= 0.6583869
3 1 1 0 1 0 52 AIC= 1721.619  SSE= 306.6565  p-VALUE= 0.06362985 
3 1 1 0 1 1 52 AIC= 1110.869  SSE= 161.0071  p-VALUE= 0.4354983 
3 1 1 0 1 2 52 AIC= 1110.694  SSE= 161.3341  p-VALUE= 0.4304012 
3 1 1 1 1 0 52 AIC= 1399.946  SSE= 224.6715  p-VALUE= 0.1249277
3 1 2 0 1 0 52 AIC= 1723.784  SSE= 306.7039  p-VALUE= 0.06387187 
3 1 2 0 1 1 52 AIC= 1111.856  SSE= 161.1637  p-VALUE= 0.381197 
3 1 2 0 1 2 52 AIC= 1111.67  SSE= 161.417  p-VALUE= 0.396896 
3 1 2 1 1 0 52 AIC= 1394.333  SSE= 222.927  p-VALUE= 0.135794 
3 1 2 1 1 1 52 AIC= 1112.822  SSE= 161.3282  p-VALUE= 0.4483068 
3 1 2 1 1 2 52 AIC= 1110.777  SSE= 160.7555  p-VALUE= 0.385596
3 1 3 0 1 0 52 AIC= 1696.066  SSE= 298.2738  p-VALUE= 0.2906266 
3 1 3 0 1 1 52 AIC= 1103.216  SSE= 159.7914  p-VALUE= 0.5150572 
3 1 3 0 1 2 52 AIC= 1104.756  SSE= 160.4257  p-VALUE= 0.3319076 
3 1 3 1 1 0 52 AIC= 1393.168  SSE= 222.2468  p-VALUE= 0.2124341 
3 1 3 1 1 1 52 AIC= 1069.539  SSE= 153.6617  p-VALUE= 0.6539352 
3 1 3 1 1 2 52 AIC= 1101.441  SSE= 159.3281  p-VALUE= 0.6606767